[5, 4, 7, 2, 1, 8, 6, 3, 0]  h=16  moves: 0
[5, 4, 7, 2, 1, 0, 6, 3, 8]  h=15  moves: 1
[5, 4, 7, 2, 0, 1, 6, 3, 8]  h=15  moves: 2
[5, 4, 7, 0, 2, 1, 6, 3, 8]  h=14  moves: 3
[0, 4, 7, 5, 2, 1, 6, 3, 8]  h=13  moves: 4
[4, 0, 7, 5, 2, 1, 6, 3, 8]  h=12  moves: 5
[4, 2, 7, 5, 0, 1, 6, 3, 8]  h=11  moves: 6
[4, 2, 7, 5, 3, 1, 6, 0, 8]  h=11  moves: 7
[4, 2, 7, 5, 3, 1, 6, 8, 0]  h=10  moves: 8
[4, 2, 0, 5, 3, 1, 6, 8, 7]  h=9  moves: 9
[4, 2, 1, 5, 3, 0, 6, 8, 7]  h=8  moves: 10
[4, 2, 1, 5, 0, 3, 6, 8, 7]  h=7  moves: 11
[4, 2, 1, 0, 5, 3, 6, 8, 7]  h=6  moves: 12
[4, 2, 1, 6, 5, 3, 0, 8, 7]  h=5  moves: 13
[4, 2, 1, 6, 5, 3, 7, 8, 0]  h=4  moves: 14
[4, 2, 1, 6, 5, 0, 7, 8, 3]  h=4  moves: 15
[4, 2, 1, 0, 5, 6, 7, 8, 3]  h=3  moves: 16
[0, 2, 1, 4, 5, 6, 7, 8, 3]  h=2  moves: 17
[1, 2, 0, 4, 5, 6, 7, 8, 3]  h=1  moves: 18
[1, 2, 3, 4, 5, 6, 7, 8, 0]  h=0  moves: 19
